2
3
2
6
6
4
5
3
2
2
4
5
9
2
18
3
3
2
18
7
6
2
3
4
5
3
10
3
3
2
4
2
3
2
2
4
11
9
2
2
2
9
2
4
4
2
2
2
2
3
3
2
2
3
2
2
4
3
2
2
2
10
5
2
8
73
4
10
4
2
2
2
16
10
7
5
3
6
3
2
3
3
3
5
4
2
69
4
38
14
2
2
2
5
3
2
8
3
2
2
2
3
3
10
11
3
2
2
4
5
2
5
2
7
2
2
6
2
2
2
9
5
2
5
5
2
2
7
3
2
4
2
5
2
3
2
28
3
2
3
57
2
4
2
2
6
2
4
2
5
3
3
2
2
223
2
2
2
16
2
29
4
5
2
7
2
3
2
6
7
2
7
3
8
2
6
2
6
12
3
2
161
2
6
2
5
2
3
3
2
3
2
4
2
3
3
10
2
113
3
2
3
3
3
2
18
4
2
19
74
48
3
5
7
2
7
11
3
28
22
6
10
2
2
3
5
2
2
6
13
9
2
150
3
2
2
2
2
13
3
6
4
2
2
2
2
2
5
2
6
4
2
3
6
25
6
7
165
3
2
6
2
7
2
16
2
2
2
2
3
27
2
6
3
5
3
9
3
4
4
7
2
3
11
9
3
4
15
3
2
10
2
2
2
5
2
45
2
14
2
2
3
2
12
2
11
3
2
4
2
5
2
2
3
5
2
3
2
4
6
2
2
3
8
2
2
5
6
2
4
2
2
3
3
3
2
2
89
2
4
7
2
2
3
2
4
2
21
4
11
3
5
10
6
5
3
2
14
3
2
12
113
3
82
8
2
6
5
2
6
6
2
4
2
2
2
7
5
4
5
4
2
5
5
2
5
4
2
103
2
2
11
4
6
55
7
3
3
2
4
4
4
2
2
2
2
31
2
8
4
3
24
50
9
18
6
5
5
9
10
3
4
21
3
2
4
4
4
4
4
9
6
2
12
4
13
3
8
7
5
4
3
2
4
4
2
17
5
3
5
2
3
2
5
4
3
4
5
2
6
2
45
2
5
2
7
17
2
2
2
5
3
3
2
2
163
2
22
2
6
5
4
4
4
2
2
2
2
2
2
2
38
2
3
5
4
13
15
4
16
2
4
2
3
5
4
9
4
3
3
9
4
6
4
4
11
4
4
2
2
3
5
6
12
4
3
23
6
2
2
6
4
3
2
2
18
3
8
7
2
12
2
16
2
6
2
2
12
3
3
2
2
11
3
3
2
9
10
2
16
4
3
2
2
10
3
2
14
22
26
111
15
6
4
228
19
2
3
7
3
7
8
3
5
11
2
2
2
2
2
3
18
2
2
243
5
2
3
2
2
7
14
2
3
6
4
2
2
4
2
9
6
2
5
2
2
3
2
31
9
6
12
4
4
3
63
3
3
15
5
31
12
4
3
2
2
2
9
5
2
2
5
2
4
4
5
3
18
17
3
6
2
3
3
7
3
7
2
3
2
34
3
4
4
5
8
16
2
6
8
9
4
5
6
6
2
6
14
7
4
6
2
5
2
16
106
2
7
3
8
2
4
3
49
5
5
12
4
3
3
3
2
4
7
13
2
28
2
9
43
2
2
6
6
2
4
70
4
5
4
4
2
6
3
4
6
2
3
3
2
2
2
3
5
4
2
2
2
5
29
2
10
8
13
11
3
9
2
4
12
6
5
3
2
9
2
4
2
2
35
7
2
8
3
9
7
21
6
7
41
4
7
3
4
3
4
6
4
7
6
5
4
6
3
24
5
5
2
4
12
12
59
6
9
2
10
62
6
5
24
14
2
7
3
3
4
4
8
3
3
5
2
8
3
17
17
2
4
2
3
5
9
10
2
3
9
6
12
3
6
21
7
4
3
3
7
2
11
16
6
2
2
4
4
4
7
31
6
2
13
2
2
3
4
5
6
4
13
4
2
16
6
2
11
5
3
2
4
4
2
2
2
4
5
2
2
3
3
18
3
7
3
2
5
18
4
13
3
5
6
2
3
8
25
7
13
36
70
6
3
4
11
4
2
16
9
3
2
6
2
2
29
3
6
2
2
2
2
9
5
3
4
7
42
14
7
6
2
3
4
12
5
3
2
4
6
3
2
32
3
7
2
10
3
2
6
37
6
9
2
2
5
4
4
4
2
7
9
2
3
2
3
6
7
2
5
5
4
19
2
4
3
2
3
5
6
11
5
3
8
2
2
3
6
3
7
7
6
4
6
2
4
4
18
2
7
2
8
4
7
6
4
3
6
4
2
10
4
2
2
21
2
4
4
3
3
8
6
3
3
4
2
6
5
27
2
2
18
3
2
4
2
3
228
3
2
2
3
4
5
2
3
2
3
8
4
5
38
5
3
3
8
4
2
2
2
2
9
2
12
3
4
3
3
2
4
10
2
4
131
7
2
22
2
55
2
130
6
4
7
5
4
9
2
2
2
46
54
7
12
2
3
2
2
3
2
3
3
2
7
4
5
4
2
10
3
5
5
2
18
2
13
8
2
2
3
8
7
2
10
2
5
9
7
76
6
2
4
10
2
2
6
5
2
5
2
4
3
7
3
13
2
14
3
3
2
19
6
2
7
5
3
12
8
3
2
4
11
21
44
4
2
3
16
5
3
6
4
5
27
2
35
2
3
3
3
4
4
2
3
44
10
2
3
76
22
2
2
4
4
3
4
2
3
9
2
3
4
29
9
3
4
2
16
2
13
7
2
2
14
7
5
5
13
4
7
6
2
8
2
4
2
6
31
11
2
7
16
7
2
17
6
3
3
2
3
54
52
3
20
8
6
2
4
49
7
3
3
4
7
41
8
26
3
22
2
3
2
9
3
18
3
2
6
3
4
2
2
5
2
3
7
5
5
6
84
9
2
2
5
4
4
3
2
39
2
2
8
4
2
7
4
136
2
3
5
5
2
4
3
8
2
2
15
2
11
112
61
2
18
3
3
3
28
2
3
2
78
2
45
10
3
15
2
6
2
6
2
2
7
12
3
2
4
3
6
3
7
37
11
13
4
8
2
16
5
14
10
5
14
69
10
15
2
11
25
3
2
36
4
26
4
2
6
5
5
3
2
26
5
258
2
6
3
2
5
8
3
11
8
123
5
6
2
19
8
3
2
5
6
2
2
7
4
5
3
2
16
4
2
6
11
5
6
6
143
19
2
11
7
2
7
121
187
22
4
8
56
23
3
16
6
2
2
12
2
309
2
2
2
7
5
36
5
2
3
13
5
25
3
4
35
7
4
823
5
3
5
12
4
4
4
17
2
3
31
5
3
5
15
11
2
2
3
6
16
2
2
2
105
2
5
10
47
5
3
16
2
6
3
5
2
4
5
2
3
11
43
8
4
4
5
13
5
2
3
8
15
5
4
3
4
3
9
4
9
9
4
6
2
2
6
6
3
5
4
5
5
3
2
2
5
2
2
12
6
4
7
2
5
5
12
28
3
2
8
8
11
2
5
31
3
6
3
3
3
7
6
3
2
7
2
4
4
6
2
2
10
3
2
5
2
6
31
209
2
2
9
4
6
2
8
5
21
3
4
4
33
4
10
3
2
3
6
4
15
220
2
4
5
4
2
3
5
34
2
2
105
2
6
6
5
123
55
3
4
9
29
2
7
27
120
206
2
6
5
57
2
3
3
2
3
7
4
2
6
8
3
5
7
5
3
2
29
6
4
4
8
5
2
3
4
3
4
3
110
2
2
4
2
18
2
7
4
5
115
7
3
2
3
2
5
10
2
2
6
3
5
3
16
16
5
5
5
3
2
5
8
7
2
4
16
2
5
4
3
2
167
4
10
2
2
3
3
2
2
9
2
3
3
4
7
2
7
7
3
2
7
308
2
8
5
8
5
6
6
3
7
2
9
3
2
2
4
15
5
356
11
2
3
75
3
3
41
2
43
7
3
2
3
3
4
13
36
2
43
3
3
13
4
2
5
2
8
3
11
8
2
2
2
5
4
9
7
2
5
26
2
13
10
9
3
6
2
5
7
5
5
5
5
6
2
7
2
8
3
4
3
9
40
16
3
2
8
45
4
2
5
6
28
5
2
5
3
6
11
2
1310
3
12
5
7
3
4
17
2
4
3
52
2
12
6
2
6
5
68
2
9
5
5
8
3
2
3
8
99
15
27
6
2
3
2
3
10
2
2
4
2
129
19
5
3
25
2
2
3
4
5
369
19
2
2
7
2
3
5
4
2
3
3
6
6
42
2
4
6
2
38
5
2
2
2
2
17
5
6
4
10
2
26
7
5
18
4
2
3
3
4
5
9
210
6
4
2
9
8
8
3
6
4
3
2
7
131
3
38
9
5
5
5
3
92
2
5
3
69
4
2
3
5
4
8
3
8
9
12
11
3
2
4
4
50
2
2
18
2
23
2
22
13
8
4
3
2
2
6
4
3
2
2
4
3
110
4
4
4
8
6
3
30
91
6
5
238
4
6
3
893
3
6
4
15
2
2
6
9
3
13
2
11
14
7
16
5
13
40
32
10
31
4
4
2
23
4
6
2
16
17
3
8
6
3
2
136
4
2
11
2
2
5
8
3
2
6
13
3
26
2
67
2
5
2
2
2
4
7
2
4
9
3
3
2
10
6
2
24
13
2
3
5
3
2
9
4
45
49
2
102
2
2
7
2
8
2
2
2
9
5
33
4
369
6
3
2
2
5
6
8
2
4
8
3
52
7
5
16
41
4
3
7
5
30
47
7
6
2
5
19
2
4
18
6
3
66
4
3
28
8
2
2
4
5
96
4
6
3
333
15
4
4
2
16
2
23
4
3
4
6
2
24
56
13
5
3
6
3
4
2
5
2
2
12
44
4
4
2
2
2
5
56
6
24
9
2
2
6
2
2
27
3
2
5
7
12
42
4
3
6
7
8
12
2
22
15
10
48
2
2
2
2
6
29
4
2
7
3
4
26
2
5
22
7
2
71
3
219
2
2
2
2
3
